,French,English,History,Arithmetic,Algebra,Geometry,Science,Moral
French,1,0.44,0.41,0.29,0.33,0.25,0.31,0.4
English,0.44,1,0.35,0.35,0.32,0.33,0.35,0.42
History,0.41,0.35,1,0.16,0.19,0.18,0.17,0.45
Arithmetic,0.29,0.35,0.16,1,0.59,0.47,0.49,0.28
Algebra,0.33,0.32,0.19,0.59,1,0.46,0.48,0.3
Geometry,0.25,0.33,0.18,0.47,0.46,1,0.45,0.28
Science,0.31,0.35,0.17,0.49,0.48,0.45,1,0.3
Moral,0.4,0.42,0.45,0.28,0.3,0.28,0.3,1
